6 2 2 5 2 6 3 10 2 6
5 4 B S 9 2 7 7 8 2
4 B 4 7 8 5 B 5 6 4
2 3 B 2 3 B F B 3 3

10 6 5 3 2 6 2 2 2 6
4 2 8 8 9 2 4 B B 5
7 2 7 s 6 5 b 4 5 2
7 3 3 3 4 b f b b 3

6 2 4 9 6 2 2 10 2 6
5 2 7 5 b 2 7 7 8 3
4 8 s 3 b 2 6 5 5 b
3 b 4 b 4 2 3 3 b f

2 8 5 2 6 2 9 3 2 6
10 2 7 8 2 6 b 5 b 5
6 4 7 s 7 5 b 4 b 4
3 2 3 3 4 b f b 3 2

9 6 2 4 2 2 2 3 6 2
3 2 8 7 b 5 10 7 5 8
b 6 s 7 5 2 6 5 b 4
4 2 3 b 4 3 3 b f b

2 6 5 9 2 6 2 10 6 2
7 2 b s 8 4 2 7 8 4
5 4 b 2 7 3 5 6 5 b
3 b 4 2 3 b 3 3 b f

10 7 3 4 b b 4 3 7 9
7 2 8 2 6 5 2 8 2 s
b 6 2 5 4 b 6 2 3 2
f b 5 3 b 4 3 6 2 5

2 2 b f b b 4 2 2 2
7 9 8 b 10 7 b 3 8 7
5 4 6 6 3 3 6 2 6 5
2 4 3 5 2 s 4 b 5 3

4 3 5 7 4 2 5 7 4 3
b b 10 8 b b 8 9 b b
5 s 6 4 6 3 2 6 2 2 
f 7 6 2 2 2 5 2 3 3

b 9 10 2 4 5 4 5 5 b
8 s b 6 4 2 2 b 5 6
b 7 3 3 8 7 2 8 4 2
f b 3 3 3 6 2 2 6 2

6 2 9 b 4 4 2 2 4 4 
8 10 2 8 b 5 2 5 2 3
b 3 s 7 6 b 3 6 5 2
f b 7 3 7 6 b 3 2 5

b 9 s 8 2 5 3 8 2 5
4 b 3 6 7 10 2 2 7 2
b 4 b 2 2 5 4 6 2 6
f b 4 b 6 3 3 3 5 7

2 2 3 7 b b 4 4 b b
9 8 s 3 6 8 6 6 7 4
b 10 5 3 3 7 6 5 5 5 
f b 2 2 2 2 2 2 3 4

